Inter.	DataeHora	Comp.onda(nm)	Sinal	Unid.	Fase(º)	Freq.(Hz)
1	04/02/2015-11:04:56	1999.986000	0.000270	V	101.510000	98.702000
2	04/02/2015-11:04:58	2049.965000	0.000250	V	98.920000	98.755000
3	04/02/2015-11:05:00	2099.972000	0.000230	V	98.470000	98.799000
4	04/02/2015-11:05:02	2149.970000	0.000240	V	99.270000	98.682000
5	04/02/2015-11:05:04	2199.996000	0.000250	V	99.090000	98.643000
6	04/02/2015-11:05:06	2249.979000	0.000220	V	97.590000	98.580000
7	04/02/2015-11:05:08	2299.989000	0.000180	V	96.170000	98.638000
8	04/02/2015-11:05:10	2349.993000	0.000120	V	101.770000	98.721000
9	04/02/2015-11:05:12	2399.986000	0.000170	V	97.910000	98.614000
10	04/02/2015-11:05:14	2449.973000	0.000220	V	101.310000	98.794000
11	04/02/2015-11:05:16	2499.984000	0.000260	V	99.460000	98.643000
12	04/02/2015-11:05:18	2549.987000	0.000230	V	98.470000	98.736000
13	04/02/2015-11:05:20	2599.981000	0.000250	V	99.090000	98.780000
14	04/02/2015-11:05:22	2649.965000	0.000230	V	98.650000	98.745000
15	04/02/2015-11:05:24	2699.975000	0.000300	V	100.220000	98.745000
16	04/02/2015-11:05:26	2749.976000	0.000310	V	100.950000	98.711000
17	04/02/2015-11:05:28	2799.968000	0.000420	V	98.130000	98.804000
18	04/02/2015-11:05:30	2849.983000	0.000480	V	98.300000	98.809000
19	04/02/2015-11:05:32	2899.990000	0.000520	V	98.210000	98.750000
20	04/02/2015-11:05:35	2949.985000	0.000520	V	99.720000	98.780000
21	04/02/2015-11:05:37	2999.970000	0.000540	V	98.350000	98.823000
22	04/02/2015-11:05:39	3049.978000	0.000530	V	98.580000	98.780000
23	04/02/2015-11:05:41	3099.978000	0.000510	V	98.830000	98.706000
24	04/02/2015-11:05:43	3149.964000	0.000490	V	98.130000	98.741000
25	04/02/2015-11:05:45	3199.974000	0.000420	V	98.800000	98.692000
26	04/02/2015-11:05:47	3249.975000	0.000330	V	101.140000	98.726000
27	04/02/2015-11:05:49	3299.963000	0.000350	V	98.810000	98.624000
28	04/02/2015-11:05:51	3349.975000	0.000290	V	96.760000	98.575000
29	04/02/2015-11:05:53	3399.972000	0.000210	V	98.130000	98.765000
30	04/02/2015-11:05:55	3449.995000	0.000210	V	100.300000	98.667000
31	04/02/2015-11:05:57	3499.969000	0.000240	V	100.620000	98.902000
32	04/02/2015-11:05:59	3549.965000	0.000240	V	99.460000	98.760000
33	04/02/2015-11:06:01	3599.986000	0.000230	V	98.470000	98.770000
34	04/02/2015-11:06:03	3649.992000	0.000210	V	99.460000	98.633000
35	04/02/2015-11:06:05	3699.985000	0.000210	V	100.780000	98.638000
36	04/02/2015-11:06:07	3749.963000	0.000220	V	100.080000	98.619000
37	04/02/2015-11:06:09	3799.966000	0.000240	V	96.980000	98.585000
38	04/02/2015-11:06:11	3849.987000	0.000310	V	100.780000	98.784000
39	04/02/2015-11:06:14	3899.963000	0.000360	V	100.860000	98.799000
40	04/02/2015-11:06:16	3949.992000	0.000450	V	98.130000	98.736000
41	04/02/2015-11:06:18	3999.970000	0.000530	V	99.640000	98.663000
42	04/02/2015-11:06:20	4049.971000	0.000620	V	98.260000	98.575000
43	04/02/2015-11:06:22	4099.992000	0.000720	V	99.390000	98.599000
44	04/02/2015-11:06:24	4149.963000	0.000830	V	99.690000	98.570000
45	04/02/2015-11:06:26	4199.991000	0.000300	V	99.310000	98.643000
46	04/02/2015-11:06:28	4249.966000	0.000290	V	99.620000	98.663000
47	04/02/2015-11:06:30	4299.961000	0.000480	V	99.940000	98.741000
48	04/02/2015-11:06:32	4349.975000	0.001080	V	99.550000	98.760000
49	04/02/2015-11:06:34	4399.975000	0.001190	V	99.580000	98.799000
50	04/02/2015-11:06:36	4449.993000	0.001330	V	99.460000	98.692000
51	04/02/2015-11:06:38	4499.993000	0.001410	V	99.300000	98.619000
52	04/02/2015-11:06:40	4549.978000	0.001400	V	99.390000	98.483000
53	04/02/2015-11:06:42	4599.981000	0.001450	V	99.690000	98.575000
54	04/02/2015-11:06:44	4649.969000	0.001530	V	98.920000	98.672000
55	04/02/2015-11:06:46	4699.973000	0.001640	V	99.260000	98.736000
56	04/02/2015-11:06:48	4749.994000	0.001710	V	99.240000	98.551000
57	04/02/2015-11:06:50	4799.965000	0.001760	V	99.300000	98.595000
58	04/02/2015-11:06:53	4849.988000	0.001810	V	99.490000	98.629000
59	04/02/2015-11:06:55	4899.991000	0.001870	V	99.060000	98.493000
60	04/02/2015-11:06:57	4949.976000	0.001860	V	99.260000	98.561000
61	04/02/2015-11:06:59	4999.980000	0.001820	V	99.280000	98.887000
62	04/02/2015-11:07:01	5049.964000	0.001920	V	99.410000	98.784000
63	04/02/2015-11:07:03	5099.964000	0.001930	V	99.070000	98.648000
64	04/02/2015-11:07:05	5149.981000	0.001960	V	98.790000	98.706000
65	04/02/2015-11:07:07	5199.979000	0.001820	V	99.000000	98.629000
66	04/02/2015-11:07:09	5249.992000	0.001960	V	99.220000	98.536000
67	04/02/2015-11:07:11	5299.985000	0.002020	V	99.200000	98.527000
68	04/02/2015-11:07:13	5349.995000	0.001850	V	99.280000	98.478000
69	04/02/2015-11:07:15	5399.983000	0.001660	V	99.010000	98.512000
70	04/02/2015-11:07:17	5449.987000	0.001680	V	99.210000	98.672000
71	04/02/2015-11:07:19	5499.972000	0.001890	V	98.490000	98.556000
72	04/02/2015-11:07:21	5549.970000	0.001560	V	99.220000	98.488000
73	04/02/2015-11:07:23	5599.981000	0.001810	V	99.170000	98.672000
74	04/02/2015-11:07:25	5649.973000	0.001800	V	99.250000	98.741000
75	04/02/2015-11:07:27	5699.978000	0.001400	V	99.160000	98.911000
76	04/02/2015-11:07:29	5749.961000	0.001420	V	98.840000	98.799000
77	04/02/2015-11:07:32	5799.994000	0.001460	V	98.600000	98.916000
78	04/02/2015-11:07:34	5849.969000	0.001440	V	99.110000	98.823000
79	04/02/2015-11:07:36	5899.992000	0.001750	V	99.190000	98.780000
80	04/02/2015-11:07:38	5949.993000	0.001730	V	98.970000	99.014000
81	04/02/2015-11:07:40	5999.970000	0.002000	V	99.300000	98.697000
82	04/02/2015-11:07:42	6049.961000	0.001540	V	99.130000	98.677000
83	04/02/2015-11:07:44	6099.963000	0.001790	V	99.460000	98.750000
84	04/02/2015-11:07:46	6149.977000	0.001970	V	99.480000	98.887000
85	04/02/2015-11:07:48	6199.970000	0.002270	V	99.480000	98.697000
86	04/02/2015-11:07:50	6249.972000	0.002520	V	99.330000	98.765000
87	04/02/2015-11:07:52	6299.985000	0.002670	V	99.440000	98.653000
88	04/02/2015-11:07:54	6349.973000	0.002350	V	99.180000	98.784000
89	04/02/2015-11:07:56	6399.974000	0.001920	V	99.530000	98.799000
90	04/02/2015-11:07:58	6449.984000	0.002400	V	99.440000	98.706000
91	04/02/2015-11:08:00	6499.969000	0.002490	V	99.440000	98.848000
92	04/02/2015-11:08:02	6549.967000	0.002330	V	99.700000	98.819000
93	04/02/2015-11:08:04	6599.971000	0.002720	V	99.490000	98.921000
94	04/02/2015-11:08:06	6649.987000	0.003000	V	99.660000	98.731000
95	04/02/2015-11:08:09	6699.977000	0.002820	V	99.440000	98.887000
96	04/02/2015-11:08:11	6749.975000	0.003150	V	99.310000	98.736000
97	04/02/2015-11:08:13	6799.982000	0.003300	V	99.320000	98.936000
98	04/02/2015-11:08:15	6849.963000	0.002950	V	99.650000	98.784000
99	04/02/2015-11:08:17	6899.988000	0.003600	V	99.660000	98.765000
100	04/02/2015-11:08:19	6949.985000	0.003460	V	99.720000	98.780000
101	04/02/2015-11:08:21	6999.991000	0.003800	V	99.530000	98.794000
102	04/02/2015-11:08:23	7049.970000	0.004040	V	99.830000	98.561000
103	04/02/2015-11:08:25	7099.989000	0.004140	V	99.640000	98.517000
104	04/02/2015-11:08:27	7149.982000	0.004050	V	100.060000	98.755000
105	04/02/2015-11:08:29	7199.981000	0.004340	V	99.940000	98.614000
106	04/02/2015-11:08:31	7249.988000	0.004380	V	99.820000	98.858000
107	04/02/2015-11:08:33	7299.965000	0.004520	V	99.840000	98.687000
108	04/02/2015-11:08:35	7349.985000	0.004590	V	99.940000	98.648000
109	04/02/2015-11:08:37	7399.975000	0.004680	V	100.010000	98.595000
110	04/02/2015-11:08:39	7449.971000	0.004500	V	99.890000	98.697000
111	04/02/2015-11:08:41	7499.971000	0.004800	V	100.120000	98.687000
112	04/02/2015-11:08:43	7549.979000	0.004770	V	100.000000	98.921000
113	04/02/2015-11:08:45	7599.990000	0.004560	V	100.040000	98.892000
114	04/02/2015-11:08:48	7649.972000	0.004560	V	100.150000	98.843000
115	04/02/2015-11:08:50	7699.992000	0.004310	V	100.060000	98.907000
116	04/02/2015-11:08:52	7749.981000	0.004200	V	100.060000	98.946000
117	04/02/2015-11:08:54	7799.974000	0.004130	V	100.100000	98.921000
118	04/02/2015-11:08:56	7849.972000	0.004290	V	100.300000	98.882000
119	04/02/2015-11:08:58	7899.973000	0.004530	V	100.170000	98.858000
120	04/02/2015-11:09:00	7949.978000	0.004260	V	100.120000	98.648000
121	04/02/2015-11:09:02	7999.985000	0.003850	V	100.310000	98.692000
122	04/02/2015-11:09:04	8049.994000	0.004100	V	100.240000	98.770000
123	04/02/2015-11:09:06	8099.972000	0.004110	V	100.350000	98.726000
124	04/02/2015-11:09:08	8149.986000	0.003790	V	100.310000	98.716000
125	04/02/2015-11:09:10	8199.966000	0.003740	V	100.390000	98.823000
126	04/02/2015-11:09:12	8249.984000	0.003670	V	100.240000	98.838000
127	04/02/2015-11:09:14	8299.968000	0.003620	V	100.380000	98.672000
128	04/02/2015-11:09:16	8349.987000	0.003490	V	100.520000	98.819000
129	04/02/2015-11:09:18	8399.974000	0.002370	V	100.290000	98.653000
130	04/02/2015-11:09:20	8449.993000	0.002030	V	100.450000	98.716000
131	04/02/2015-11:09:22	8499.981000	0.002080	V	100.090000	98.819000
132	04/02/2015-11:09:25	8549.966000	0.001950	V	100.330000	98.965000
133	04/02/2015-11:09:27	8599.988000	0.002010	V	100.420000	98.731000
134	04/02/2015-11:09:29	8649.974000	0.002260	V	100.290000	98.770000
135	04/02/2015-11:09:31	8699.994000	0.002490	V	100.390000	98.711000
136	04/02/2015-11:09:33	8749.976000	0.002590	V	100.620000	98.706000
137	04/02/2015-11:09:35	8799.992000	0.002480	V	100.450000	98.745000
138	04/02/2015-11:09:37	8849.974000	0.002420	V	100.590000	98.789000
139	04/02/2015-11:09:39	8899.986000	0.002320	V	100.560000	98.809000
140	04/02/2015-11:09:41	8949.996000	0.002240	V	100.260000	98.750000
141	04/02/2015-11:09:43	8999.970000	0.002110	V	100.750000	98.629000
142	04/02/2015-11:09:45	9049.975000	0.001990	V	100.830000	98.667000
143	04/02/2015-11:09:47	9099.978000	0.001890	V	100.360000	98.546000
144	04/02/2015-11:09:49	9149.975000	0.001770	V	100.330000	98.629000
145	04/02/2015-11:09:51	9199.970000	0.001690	V	100.320000	98.609000
146	04/02/2015-11:09:53	9249.994000	0.001600	V	100.340000	98.497000
147	04/02/2015-11:09:55	9299.981000	0.001530	V	100.650000	98.599000
148	04/02/2015-11:09:57	9349.963000	0.001440	V	100.730000	98.604000
149	04/02/2015-11:09:59	9399.973000	0.001380	V	100.580000	98.828000
150	04/02/2015-11:10:01	9449.980000	0.001320	V	100.670000	98.799000
151	04/02/2015-11:10:04	9499.979000	0.001240	V	101.040000	98.721000
152	04/02/2015-11:10:06	9549.975000	0.001160	V	101.160000	98.633000
153	04/02/2015-11:10:08	9599.963000	0.001100	V	100.950000	98.970000
154	04/02/2015-11:10:10	9649.980000	0.001040	V	100.990000	98.794000
155	04/02/2015-11:10:12	9699.988000	0.000980	V	101.080000	98.599000
156	04/02/2015-11:10:14	9749.990000	0.000930	V	101.010000	98.755000
157	04/02/2015-11:10:16	9799.986000	0.000880	V	100.990000	98.585000
158	04/02/2015-11:10:18	9849.973000	0.000840	V	101.240000	98.648000
159	04/02/2015-11:10:20	9899.986000	0.000790	V	100.880000	98.765000
160	04/02/2015-11:10:22	9949.993000	0.000760	V	100.870000	98.687000
161	04/02/2015-11:10:24	9999.988000	0.000700	V	100.590000	98.745000
162	04/02/2015-11:10:26	10049.976000	0.000640	V	100.780000	98.726000
163	04/02/2015-11:10:28	10099.988000	0.000600	V	100.940000	98.663000
164	04/02/2015-11:10:30	10149.992000	0.000550	V	100.210000	98.643000
165	04/02/2015-11:10:32	10199.986000	0.000560	V	102.310000	98.556000
166	04/02/2015-11:10:34	10249.968000	0.000520	V	101.630000	98.595000
167	04/02/2015-11:10:36	10299.975000	0.000500	V	100.970000	98.488000
168	04/02/2015-11:10:38	10349.971000	0.000450	V	100.080000	98.643000
169	04/02/2015-11:10:41	10399.989000	0.000420	V	100.120000	98.823000
170	04/02/2015-11:10:43	10449.994000	0.000400	V	102.140000	98.765000
171	04/02/2015-11:10:45	10499.989000	0.000390	V	100.880000	98.877000
172	04/02/2015-11:10:47	10549.972000	0.000360	V	101.610000	98.941000
173	04/02/2015-11:10:49	10599.976000	0.000360	V	102.360000	98.941000
174	04/02/2015-11:10:51	10649.969000	0.000340	V	103.050000	98.702000
175	04/02/2015-11:10:53	10699.979000	0.000300	V	103.130000	98.770000
176	04/02/2015-11:10:55	10749.977000	0.000320	V	99.600000	98.770000
177	04/02/2015-11:10:57	10799.962000	0.000310	V	100.950000	98.716000
178	04/02/2015-11:10:59	10849.966000	0.000280	V	101.890000	98.736000
179	04/02/2015-11:11:01	10899.988000	0.000280	V	100.120000	98.916000
180	04/02/2015-11:11:03	10949.962000	0.000250	V	101.310000	98.702000
181	04/02/2015-11:11:05	10999.988000	0.000260	V	103.240000	98.823000
182	04/02/2015-11:11:07	11049.967000	0.000230	V	102.010000	98.804000
183	04/02/2015-11:11:09	11099.993000	0.000220	V	102.800000	98.867000
184	04/02/2015-11:11:11	11149.973000	0.000190	V	103.320000	98.956000
185	04/02/2015-11:11:13	11199.968000	0.000200	V	102.380000	99.068000
186	04/02/2015-11:11:15	11249.979000	0.000190	V	101.590000	98.809000
187	04/02/2015-11:11:17	11299.974000	0.000170	V	99.720000	98.706000
188	04/02/2015-11:11:20	11349.984000	0.000160	V	104.820000	98.750000
189	04/02/2015-11:11:22	11399.975000	0.000160	V	102.340000	98.716000
190	04/02/2015-11:11:24	11449.982000	0.000130	V	100.490000	98.814000
191	04/02/2015-11:11:26	11499.969000	0.000150	V	97.590000	98.750000
192	04/02/2015-11:11:28	11549.971000	0.000140	V	97.850000	98.804000
193	04/02/2015-11:11:30	11599.988000	0.000140	V	99.780000	98.658000
194	04/02/2015-11:11:32	11649.982000	0.000130	V	98.740000	98.741000
195	04/02/2015-11:11:34	11699.992000	0.000130	V	102.990000	98.711000
196	04/02/2015-11:11:36	11749.979000	0.000110	V	100.300000	98.658000
197	04/02/2015-11:11:38	11799.980000	0.000130	V	107.740000	98.755000
198	04/02/2015-11:11:40	11849.988000	0.000100	V	101.310000	98.780000
199	04/02/2015-11:11:42	11899.980000	0.000130	V	105.070000	98.614000
200	04/02/2015-11:11:44	11949.979000	0.000100	V	105.940000	98.931000
201	04/02/2015-11:11:46	11999.989000	0.000110	V	104.620000	98.799000
202	04/02/2015-11:11:48	12049.977000	0.000110	V	97.430000	98.653000
203	04/02/2015-11:11:50	12099.975000	0.000100	V	101.310000	98.755000
204	04/02/2015-11:11:52	12149.980000	0.000110	V	102.800000	98.541000
205	04/02/2015-11:11:54	12199.993000	0.000100	V	92.860000	98.780000
206	04/02/2015-11:11:56	12249.985000	0.000110	V	102.260000	98.843000
207	04/02/2015-11:11:58	12299.982000	0.000100	V	98.130000	98.570000
208	04/02/2015-11:12:01	12349.988000	0.000100	V	103.390000	98.780000
209	04/02/2015-11:12:03	12399.968000	0.000120	V	101.770000	98.936000
210	04/02/2015-11:12:05	12449.986000	0.000110	V	99.860000	98.892000
211	04/02/2015-11:12:07	12499.977000	0.000120	V	99.460000	98.711000
212	04/02/2015-11:12:09	12549.975000	0.000110	V	99.860000	98.789000
213	04/02/2015-11:12:11	12599.977000	0.000100	V	101.310000	98.706000
214	04/02/2015-11:12:13	12649.986000	0.000100	V	106.700000	98.804000
215	04/02/2015-11:12:15	12699.995000	0.000090	V	102.530000	98.745000
216	04/02/2015-11:12:17	12749.978000	0.000090	V	96.010000	98.828000
217	04/02/2015-11:12:19	12799.965000	0.000080	V	108.430000	98.838000
218	04/02/2015-11:12:21	12849.984000	0.000090	V	102.530000	98.804000
219	04/02/2015-11:12:23	12899.974000	0.000080	V	93.360000	98.711000
220	04/02/2015-11:12:25	12949.967000	0.000070	V	101.310000	98.677000
221	04/02/2015-11:12:27	12999.993000	0.000070	V	105.940000	98.736000
222	04/02/2015-11:12:29	13049.989000	0.000060	V	102.990000	98.726000
223	04/02/2015-11:12:31	13099.983000	0.000070	V	93.810000	98.858000
224	04/02/2015-11:12:33	13149.979000	0.000060	V	99.460000	98.907000
225	04/02/2015-11:12:35	13200.003000	0.000060	V	104.040000	98.765000
226	04/02/2015-11:12:37	13250.028000	0.000050	V	100.300000	98.692000
227	04/02/2015-11:12:40	13300.051000	0.000070	V	98.130000	98.760000
228	04/02/2015-11:12:47	13350.010000	0.000070	V	98.130000	98.867000
229	04/02/2015-11:12:49	13400.028000	0.000050	V	109.980000	98.867000
230	04/02/2015-11:12:51	13450.045000	0.000050	V	106.700000	98.624000
231	04/02/2015-11:12:53	13500.057000	0.000050	V	90.000000	98.911000
232	04/02/2015-11:12:55	13550.002000	0.000050	V	106.700000	98.697000
233	04/02/2015-11:12:57	13600.006000	0.000050	V	101.310000	98.780000
234	04/02/2015-11:12:59	13650.005000	0.000050	V	90.000000	98.838000
235	04/02/2015-11:13:01	13700.058000	0.000050	V	90.000000	98.858000
236	04/02/2015-11:13:03	13750.046000	0.000040	V	102.530000	98.726000
237	04/02/2015-11:13:05	13800.026000	0.000050	V	100.300000	98.941000
238	04/02/2015-11:13:07	13850.000000	0.000030	V	90.000000	98.911000
239	04/02/2015-11:13:09	13900.028000	0.000040	V	110.560000	98.867000
240	04/02/2015-11:13:11	13950.046000	0.000050	V	102.530000	98.897000
241	04/02/2015-11:13:13	14000.058000	0.000040	V	104.040000	98.902000
242	04/02/2015-11:13:15	14050.058000	0.000040	V	108.430000	98.682000
243	04/02/2015-11:13:18	14100.048000	0.000050	V	101.310000	98.755000
244	04/02/2015-11:13:20	14150.030000	0.000030	V	105.940000	98.951000
245	04/02/2015-11:13:22	14200.001000	0.000040	V	116.570000	99.112000
246	04/02/2015-11:13:24	14250.020000	0.000040	V	110.560000	98.946000
247	04/02/2015-11:13:26	14300.029000	0.000030	V	108.430000	98.975000
248	04/02/2015-11:13:28	14350.025000	0.000020	V	120.960000	98.887000
249	04/02/2015-11:13:30	14400.009000	0.000020	V	126.870000	98.931000
250	04/02/2015-11:13:32	14450.038000	0.000030	V	113.200000	98.902000
251	04/02/2015-11:13:34	14500.054000	0.000030	V	99.460000	98.907000
252	04/02/2015-11:13:36	14550.055000	0.000020	V	111.800000	98.819000
253	04/02/2015-11:13:38	14600.038000	0.000030	V	90.000000	98.789000
254	04/02/2015-11:13:40	14650.009000	0.000040	V	110.560000	98.882000
255	04/02/2015-11:13:42	14700.022000	0.000030	V	135.000000	98.863000
256	04/02/2015-11:13:44	14750.018000	0.000020	V	116.570000	98.819000
257	04/02/2015-11:13:46	14800.057000	0.000020	V	116.570000	98.731000
258	04/02/2015-11:13:48	14850.018000	0.000020	V	101.310000	98.926000
259	04/02/2015-11:13:50	14900.019000	0.000020	V	128.660000	98.745000
260	04/02/2015-11:13:52	14950.061000	0.000010	V	153.440000	98.838000
261	04/02/2015-11:13:54	15000.022000	0.000020	V	90.000000	98.882000
